"","1","2","3","4","5","6","7","8","9","10","11","12","13","14","15","16","17","18","19","20","21","22","23","24","25","26","27","28","29","30","31","32","33","34","35","36","37","38","39","40","41","42","43","44","45"
"1",0,0,1,4,3,3,2,2,1,1,3,7,1,1,3,0,0,3,0,0,5,1,0,1,1,3,0,0,0,0,1,0,0,0,1,0,0,0,0,1,2,1,1,2,1
"2",0,0,1,9,10,6,2,3,1,5,9,4,1,3,0,3,1,4,0,0,13,0,1,3,2,1,2,3,0,1,1,0,1,2,3,1,1,0,0,3,4,5,1,0,1
"3",1,1,0,3,3,1,3,1,1,1,6,2,0,0,1,1,0,2,1,0,7,2,1,1,0,0,5,0,1,1,0,0,0,0,0,1,0,0,0,0,0,1,0,0,0
"4",4,9,3,0,35,20,8,8,5,16,23,19,7,10,10,2,3,12,4,6,55,4,3,6,3,12,11,2,5,3,7,3,4,3,7,4,1,4,4,13,5,17,1,2,4
"5",3,10,3,35,0,43,26,12,14,23,73,35,14,16,21,6,4,37,4,13,99,7,8,17,7,19,25,5,8,11,12,7,4,3,18,6,5,5,5,16,13,22,2,6,9
"6",3,6,1,20,43,0,21,6,8,11,41,18,13,14,18,5,3,12,4,7,58,8,4,7,5,10,18,6,6,15,6,7,1,5,10,2,0,4,3,12,12,16,4,4,7
"7",2,2,3,8,26,21,0,3,7,14,22,15,13,13,12,6,1,10,4,6,66,5,1,12,2,12,19,3,5,9,4,2,3,3,14,1,3,0,4,6,13,13,4,5,4
"8",2,3,1,8,12,6,3,0,4,8,8,9,5,3,4,1,0,8,0,0,21,2,1,5,2,3,5,2,0,2,0,1,2,2,0,3,2,0,1,6,2,3,1,1,1
"9",1,1,1,5,14,8,7,4,0,5,11,4,1,5,5,1,0,6,3,1,14,2,0,3,4,8,6,2,2,3,1,2,0,1,5,0,2,0,0,3,7,2,1,2,4
"10",1,5,1,16,23,11,14,8,5,0,24,36,3,10,15,3,3,23,5,2,65,4,3,8,8,8,7,1,4,5,11,2,4,2,16,4,5,3,2,11,11,12,3,6,6
"11",3,9,6,23,73,41,22,8,11,24,0,47,15,22,20,8,3,38,11,14,120,9,11,11,8,21,28,6,12,10,11,10,5,4,27,4,11,5,3,15,12,22,3,6,6
"12",7,4,2,19,35,18,15,9,4,36,47,0,10,14,25,7,4,57,7,7,136,9,3,8,8,20,16,2,3,12,17,12,1,6,26,6,10,5,6,10,13,22,3,11,12
"13",1,1,0,7,14,13,13,5,1,3,15,10,0,15,8,3,0,8,2,15,51,2,1,5,1,6,9,6,4,4,4,1,1,2,4,1,6,1,1,3,8,8,3,3,0
"14",1,3,0,10,16,14,13,3,5,10,22,14,15,0,6,3,4,15,3,15,52,9,2,6,3,7,17,6,11,8,3,4,3,1,10,3,7,3,1,1,15,9,5,6,3
"15",3,0,1,10,21,18,12,4,5,15,20,25,8,6,0,4,1,14,1,4,50,3,1,4,1,8,12,5,7,4,2,3,0,4,10,3,4,2,2,8,10,11,3,5,8
"16",0,3,1,2,6,5,6,1,1,3,8,7,3,3,4,0,0,5,0,3,17,1,0,1,0,1,4,1,1,0,0,1,0,1,7,0,2,1,0,2,2,5,0,0,0
"17",0,1,0,3,4,3,1,0,0,3,3,4,0,4,1,0,0,4,2,1,9,0,0,2,1,2,1,1,0,1,2,1,0,0,5,1,1,0,1,1,2,1,1,0,2
"18",3,4,2,12,37,12,10,8,6,23,38,57,8,15,14,5,4,0,9,6,150,13,7,15,8,14,27,3,7,9,17,13,3,5,41,5,6,6,12,15,13,23,4,9,17
"19",0,0,1,4,4,4,4,0,3,5,11,7,2,3,1,0,2,9,0,2,27,3,0,3,2,2,4,2,1,1,6,3,2,0,4,0,2,1,2,7,2,2,1,0,4
"20",0,0,0,6,13,7,6,0,1,2,14,7,15,15,4,3,1,6,2,0,31,6,2,3,1,3,12,5,4,6,2,1,1,1,6,0,8,2,3,4,5,5,0,2,0
"21",5,13,7,55,99,58,66,21,14,65,120,136,51,52,50,17,9,150,27,31,0,25,13,39,17,50,100,15,25,29,36,33,10,19,101,19,20,18,22,60,57,73,18,20,26
"22",1,0,2,4,7,8,5,2,2,4,9,9,2,9,3,1,0,13,3,6,25,0,1,1,3,8,7,1,1,2,3,3,0,3,7,2,0,1,4,3,3,5,1,2,1
"23",0,1,1,3,8,4,1,1,0,3,11,3,1,2,1,0,0,7,0,2,13,1,0,0,1,4,7,1,1,3,2,3,0,1,3,1,1,3,1,2,3,5,0,1,2
"24",1,3,1,6,17,7,12,5,3,8,11,8,5,6,4,1,2,15,3,3,39,1,0,0,2,4,7,2,3,2,4,3,7,2,4,3,4,0,2,8,5,4,2,2,2
"25",1,2,0,3,7,5,2,2,4,8,8,8,1,3,1,0,1,8,2,1,17,3,1,2,0,2,1,2,1,5,3,4,0,0,5,1,1,2,0,3,4,4,0,3,6
"26",3,1,0,12,19,10,12,3,8,8,21,20,6,7,8,1,2,14,2,3,50,8,4,4,2,0,11,3,4,6,6,1,0,3,16,4,3,4,4,4,9,9,3,2,4
"27",0,2,5,11,25,18,19,5,6,7,28,16,9,17,12,4,1,27,4,12,100,7,7,7,1,11,0,9,12,10,8,9,6,7,19,6,8,3,4,11,16,20,3,5,8
"28",0,3,0,2,5,6,3,2,2,1,6,2,6,6,5,1,1,3,2,5,15,1,1,2,2,3,9,0,6,1,0,2,0,1,5,0,4,1,1,1,4,4,1,1,1
"29",0,0,1,5,8,6,5,0,2,4,12,3,4,11,7,1,0,7,1,4,25,1,1,3,1,4,12,6,0,5,2,0,1,1,6,0,9,1,1,1,9,6,0,6,1
"30",0,1,1,3,11,15,9,2,3,5,10,12,4,8,4,0,1,9,1,6,29,2,3,2,5,6,10,1,5,0,3,4,2,2,8,3,2,2,5,5,7,5,3,1,4
"31",1,1,0,7,12,6,4,0,1,11,11,17,4,3,2,0,2,17,6,2,36,3,2,4,3,6,8,0,2,3,0,7,1,5,20,2,1,2,2,5,1,8,3,2,2
"32",0,0,0,3,7,7,2,1,2,2,10,12,1,4,3,1,1,13,3,1,33,3,3,3,4,1,9,2,0,4,7,0,0,1,12,2,0,3,3,3,2,5,0,3,1
"33",0,1,0,4,4,1,3,2,0,4,5,1,1,3,0,0,0,3,2,1,10,0,0,7,0,0,6,0,1,2,1,0,0,2,3,2,1,0,1,3,2,3,1,0,1
"34",0,2,0,3,3,5,3,2,1,2,4,6,2,1,4,1,0,5,0,1,19,3,1,2,0,3,7,1,1,2,5,1,2,0,2,2,1,0,2,3,2,9,2,2,2
"35",1,3,0,7,18,10,14,0,5,16,27,26,4,10,10,7,5,41,4,6,101,7,3,4,5,16,19,5,6,8,20,12,3,2,0,5,5,4,6,9,4,22,1,4,7
"36",0,1,1,4,6,2,1,3,0,4,4,6,1,3,3,0,1,5,0,0,19,2,1,3,1,4,6,0,0,3,2,2,2,2,5,0,1,3,5,6,3,4,2,2,2
"37",0,1,0,1,5,0,3,2,2,5,11,10,6,7,4,2,1,6,2,8,20,0,1,4,1,3,8,4,9,2,1,0,1,1,5,1,0,1,3,4,7,6,1,5,1
"38",0,0,0,4,5,4,0,0,0,3,5,5,1,3,2,1,0,6,1,2,18,1,3,0,2,4,3,1,1,2,2,3,0,0,4,3,1,0,1,3,4,1,1,3,0
"39",0,0,0,4,5,3,4,1,0,2,3,6,1,1,2,0,1,12,2,3,22,4,1,2,0,4,4,1,1,5,2,3,1,2,6,5,3,1,0,4,4,3,2,0,5
"40",1,3,0,13,16,12,6,6,3,11,15,10,3,1,8,2,1,15,7,4,60,3,2,8,3,4,11,1,1,5,5,3,3,3,9,6,4,3,4,0,6,24,1,4,4
"41",2,4,0,5,13,12,13,2,7,11,12,13,8,15,10,2,2,13,2,5,57,3,3,5,4,9,16,4,9,7,1,2,2,2,4,3,7,4,4,6,0,11,8,5,4
"42",1,5,1,17,22,16,13,3,2,12,22,22,8,9,11,5,1,23,2,5,73,5,5,4,4,9,20,4,6,5,8,5,3,9,22,4,6,1,3,24,11,0,3,4,12
"43",1,1,0,1,2,4,4,1,1,3,3,3,3,5,3,0,1,4,1,0,18,1,0,2,0,3,3,1,0,3,3,0,1,2,1,2,1,1,2,1,8,3,0,1,0
"44",2,0,0,2,6,4,5,1,2,6,6,11,3,6,5,0,0,9,0,2,20,2,1,2,3,2,5,1,6,1,2,3,0,2,4,2,5,3,0,4,5,4,1,0,1
"45",1,1,0,4,9,7,4,1,4,6,6,12,0,3,8,0,2,17,4,0,26,1,2,2,6,4,8,1,1,4,2,1,1,2,7,2,1,0,5,4,4,12,0,1,0
